268.97,105.62,78.071,357.12,2.0932e+05,5.8435e+05,10099,2.2223e+05,5.613e+05,32604,23365,26755,8660.5,91565,34077,37416
1798,719.08,929.18,4060.8,1.2927e+06,3.8684e+06,1.3303e+05,1.4089e+06,3.7358e+06,2.7006e+05,2.138e+05,2.1995e+05,1.1045e+05,4.3293e+05,4.3541e+05,4.7446e+05
7236.2,2962.4,4876,20930,4.7767e+06,1.521e+07,7.0472e+05,5.3581e+06,1.4762e+07,1.3094e+06,1.0797e+06,1.0606e+06,6.0301e+05,2.3863e+06,2.4016e+06,2.6232e+06
22848,9605.9,17425,75205,1.3829e+07,4.6373e+07,2.4788e+06,1.5945e+07,4.5253e+07,4.761e+06,4.0364e+06,3.8685e+06,2.2127e+06,8.8763e+06,8.9345e+06,9.7878e+06
59909,25914,47690,2.0906e+05,3.3316e+07,1.1616e+08,6.5885e+06,3.9316e+07,1.1406e+08,1.3896e+07,1.1988e+07,1.1349e+07,6.1561e+06,2.5103e+07,2.526e+07,2.7735e+07
1.3267e+05,59071,1.0545e+05,4.7041e+05,6.8173e+07,2.4354e+08,1.4021e+07,8.1771e+07,2.408e+08,3.3443e+07,2.9035e+07,2.7383e+07,1.3715e+07,5.6959e+07,5.7296e+07,6.3012e+07
2.5007e+05,1.1456e+05,1.9439e+05,8.8246e+05,1.1978e+08,4.3165e+08,2.4706e+07,1.4477e+08,4.3003e+08,6.7307e+07,5.819e+07,5.5049e+07,2.5263e+07,1.07e+08,1.0764e+08,1.185e+08
4.0374e+05,1.9017e+05,3.0538e+05,1.4102e+06,1.8206e+08,6.5236e+08,3.6908e+07,2.199e+08,6.5508e+08,1.1448e+08,9.7645e+07,9.3218e+07,3.935e+07,1.7013e+08,1.713e+08,1.8862e+08
5.6199e+05,2.7207e+05,4.1611e+05,1.9536e+06,2.4088e+08,8.4811e+08,4.7638e+07,2.8894e+08,8.5855e+08,1.6618e+08,1.3871e+08,1.3438e+08,5.2779e+07,2.3312e+08,2.3514e+08,2.5872e+08
6.7927e+05,3.3815e+05,4.9938e+05,2.3821e+06,2.7895e+08,9.5718e+08,5.4004e+07,3.3125e+08,9.7671e+08,2.0788e+08,1.6861e+08,1.6664e+08,6.1933e+07,2.7967e+08,2.8287e+08,3.1058e+08
7.1852e+05,3.6826e+05,5.352e+05,2.5919e+06,2.8444e+08,9.4663e+08,5.4564e+07,3.3432e+08,9.7333e+08,2.2632e+08,1.7728e+08,1.7967e+08,6.4505e+07,2.9803e+08,3.0249e+08,3.3088e+08
6.7084e+05,3.5466e+05,5.1864e+05,2.5479e+06,2.5719e+08,8.2833e+08,4.9787e+07,2.998e+08,8.5772e+08,2.166e+08,1.6297e+08,1.7022e+08,6.0421e+07,2.8584e+08,2.9133e+08,3.1687e+08
5.579e+05,3.0495e+05,4.5969e+05,2.289e+06,2.0781e+08,6.4759e+08,4.1514e+07,2.4112e+08,6.7486e+08,1.8411e+08,1.3244e+08,1.432e+08,5.1524e+07,2.4978e+08,2.5572e+08,2.7601e+08
4.172e+05,2.3636e+05,3.7671e+05,1.8998e+06,1.5131e+08,4.5669e+08,3.1985e+07,1.7559e+08,4.786e+08,1.404e+08,9.6199e+07,1.081e+08,4.0465e+07,2.0119e+08,2.069e+08,2.2115e+08
2.8311e+05,1.6663e+05,2.8844e+05,1.4722e+06,1.0009e+08,2.9304e+08,2.3014e+07,1.1689e+08,3.0861e+08,9.6972e+07,6.3095e+07,7.3921e+07,2.9599e+07,1.5104e+08,1.5599e+08,1.6479e+08
1.7564e+05,1.0761e+05,2.0854e+05,1.0766e+06,6.0552e+07,1.7227e+08,1.5626e+07,7.1846e+07,1.8221e+08,6.1147e+07,3.7684e+07,4.6147e+07,2.0394e+07,1.0687e+08,1.1079e+08,1.1548e+08
99994,63869,1.4394e+05,7.5117e+05,3.3602e+07,9.3069e+07,1.012e+07,4.1248e+07,9.8817e+07,3.5361e+07,2.0586e+07,2.6388e+07,1.3391e+07,7.2102e+07,7.4971e+07,7.6995e+07
51988,34651,95994,5.0618e+05,1.7009e+07,4.598e+07,6.3233e+06,2.2572e+07,4.8985e+07,1.8713e+07,1.0244e+07,1.3749e+07,8.487e+06,4.6965e+07,4.8942e+07,4.9472e+07
24082,16758,62642,3.337e+05,7.6574e+06,2.0265e+07,3.8607e+06,1.2349e+07,2.1658e+07,8.9279e+06,4.5334e+06,6.3654e+06,5.2614e+06,2.9929e+07,3.1231e+07,3.1046e+07
9117.6,6623.5,40505,2.1798e+05,2.8115e+06,7.309e+06,2.3335e+06,7.1743e+06,7.845e+06,3.7369e+06,1.6376e+06,2.4013e+06,3.2323e+06,1.8903e+07,1.9734e+07,1.9279e+07
1739.4,1319.3,26228,1.4261e+05,5.1977e+05,1.3346e+06,1.4121e+06,4.4508e+06,1.5095e+06,2.0555e+06,2.9793e+05,4.5439e+05,1.9896e+06,1.1964e+07,1.2484e+07,1.198e+07
1535,1209.4,17132,94137,4.4097e+05,1.102e+06,8.6237e+05,2.8994e+06,1.2186e+06,1.2956e+06,2.4964e+05,3.9937e+05,1.2366e+06,7.6494e+06,7.9732e+06,7.5106e+06
2755.6,2258.3,11336,62978,7.6438e+05,1.8829e+06,5.3398e+05,1.9773e+06,2.0338e+06,1.0654e+06,4.263e+05,7.0764e+05,7.8006e+05,4.9679e+06,5.1689e+06,4.7744e+06
3033.7,2578.7,7624.4,42851,8.1113e+05,1.9628e+06,3.3626e+05,1.4245e+06,2.1206e+06,1.0912e+06,4.4584e+05,7.6772e+05,5.0157e+05,3.2941e+06,3.4192e+06,3.0912e+06
2929.1,2575,5235.2,29780,7.5374e+05,1.7914e+06,2.1621e+05,1.0946e+06,1.9392e+06,1.0271e+06,4.0866e+05,7.2879e+05,3.3037e+05,2.2439e+06,2.3247e+06,2.0492e+06
2704.2,2450.4,3689.4,21242,6.6886e+05,1.5634e+06,1.4311e+05,8.8923e+05,1.696e+06,9.3264e+05,3.5815e+05,6.6e+05,2.2422e+05,1.58e+06,1.6363e+06,1.3987e+06
2178.4,2096.1,1770.5,10497,4.8708e+05,1.1037e+06,60802,6.1068e+05,1.2025e+06,7.2752e+05,2.5429e+05,5.0174e+05,1.0012e+05,7.7323e+05,8.0167e+05,6.3151e+05
1863.4,1880.9,1092.8,6642.9,3.7792e+05,8.3389e+05,33323,4.7429e+05,9.1285e+05,6.0456e+05,1.9364e+05,4.0194e+05,58351,4.8562e+05,5.0292e+05,3.7144e+05
1780.2,1870.2,955.22,5846.9,3.2767e+05,7.0427e+05,25829,4.2037e+05,7.7526e+05,5.5994e+05,1.6602e+05,3.5894e+05,47883,4.2486e+05,4.4018e+05,3.0592e+05
2030.9,2189.4,1161.7,7045.5,3.3773e+05,7.1492e+05,27999,4.5086e+05,7.9192e+05,6.1935e+05,1.6988e+05,3.8064e+05,55173,5.1035e+05,5.2864e+05,3.5263e+05
2741.4,2972.1,1670.5,9949.6,4.0905e+05,8.6342e+05,37265,5.7428e+05,9.623e+05,8.0346e+05,2.0535e+05,4.7299e+05,76433,7.2133e+05,7.4752e+05,4.8847e+05
4094.3,4374.2,2562.4,14879,5.4372e+05,1.1592e+06,54363,8.1633e+05,1.2974e+06,1.142e+06,2.7489e+05,6.4212e+05,1.1381e+05,1.0866e+06,1.1261e+06,7.2866e+05
6406.5,6683.9,4024.8,22719,7.5648e+05,1.633e+06,82429,1.2266e+06,1.8351e+06,1.6941e+06,3.864e+05,9.082e+05,1.7436e+05,1.676e+06,1.7362e+06,1.1182e+06
10204,10384,6402.2,35129,1.0706e+06,2.3424e+06,1.2723e+05,1.9001e+06,2.646e+06,2.5554e+06,5.5465e+05,1.3088e+06,2.7172e+05,2.6253e+06,2.7137e+06,1.7456e+06
16340,16220,10228,54639,1.5202e+06,3.3837e+06,1.9715e+05,3.0012e+06,3.8439e+06,3.875e+06,8.0286e+05,1.8981e+06,4.2714e+05,4.1527e+06,4.2712e+06,2.7485e+06
26131,25289,16181,84459,2.1518e+06,4.8962e+06,3.0289e+05,4.7726e+06,5.5902e+06,5.8669e+06,1.1626e+06,2.7487e+06,6.6743e+05,6.5547e+06,6.6943e+06,4.3044e+06
41349,39000,25004,1.2824e+05,3.0119e+06,7.0344e+06,4.5578e+05,7.5244e+06,8.0642e+06,8.7906e+06,1.6683e+06,3.9396e+06,1.0211e+06,1.0183e+07,1.0324e+07,6.61e+06
64006,58846,37388,1.8986e+05,4.129e+06,9.9197e+06,6.6615e+05,1.16e+07,1.1409e+07,1.2892e+07,2.3464e+06,5.5305e+06,1.5128e+06,1.5398e+07,1.5515e+07,9.846e+06
95911,86046,53758,2.7276e+05,5.4917e+06,1.3581e+07,9.3936e+05,1.7305e+07,1.5663e+07,1.832e+07,3.2022e+06,7.5326e+06,2.1554e+06,2.2479e+07,2.2548e+07,1.4119e+07
1.3792e+05,1.2103e+05,73899,3.7847e+05,7.0305e+06,1.7884e+07,1.2692e+06,2.4763e+07,2.0686e+07,2.5012e+07,4.2068e+06,9.8814e+06,2.937e+06,3.1474e+07,3.1473e+07,1.937e+07
1.8881e+05,1.627e+05,96542,5.0378e+05,8.6012e+06,2.2438e+07,1.6315e+06,3.3715e+07,2.6061e+07,3.256e+07,5.2843e+06,1.2409e+07,3.8077e+06,4.2001e+07,4.1921e+07,2.5283e+07
8.2995e+08,7.0858e+08,4.0849e+08,2.1731e+09,3.4335e+10,9.096e+10,6.8187e+09,1.4977e+11,1.0616e+11,1.3626e+11,2.1432e+10,5.0425e+10,1.5833e+10,1.8125e+11,1.807e+11,1.0609e+11
1.6859e+09,1.3924e+09,7.7439e+08,4.3799e+09,5.7424e+10,1.5774e+11,1.2531e+10,3.0868e+11,1.8527e+11,2.5224e+11,3.7408e+10,8.7322e+10,2.9433e+10,3.5681e+11,3.5514e+11,2.0002e+11
1.494e+09,1.1962e+09,9.062e+08,5.4564e+09,4.4204e+10,1.2024e+11,1.4469e+10,3.8972e+11,1.4277e+11,2.0581e+11,2.9049e+10,6.6849e+10,3.352e+10,4.3321e+11,4.3099e+11,2.3251e+11
6.0677e+09,4.7881e+09,2.9488e+08,2.0483e+09,1.3571e+11,4.256e+11,3.6968e+09,4.0228e+11,5.0234e+11,7.5929e+11,1.0029e+11,2.3446e+11,1.2367e+10,1.5872e+11,1.5898e+11,7.9962e+10
4.0819e+10,3.1469e+10,5.3527e+09,3.7201e+10,8.002e+11,2.5058e+12,7.6794e+10,3.0731e+12,2.9739e+12,4.7305e+12,5.9646e+11,1.3814e+12,1.9625e+11,2.8087e+12,2.8021e+12,1.3776e+12
1.5328e+11,1.1593e+11,1.9356e+10,1.4171e+11,2.6084e+12,8.3145e+12,2.7463e+11,1.1576e+13,9.8924e+12,1.6471e+13,1.9783e+12,4.5601e+12,6.8591e+11,1.0463e+13,1.0441e+13,4.9192e+12
4.5465e+11,3.3816e+11,5.1627e+10,3.9695e+11,6.7566e+12,2.1962e+13,7.1732e+11,3.2729e+13,2.6157e+13,4.5411e+13,5.1975e+12,1.1943e+13,1.7701e+12,2.8675e+13,2.8619e+13,1.2929e+13
1.1628e+12,8.5267e+11,1.179e+11,9.475e+11,1.5229e+13,5.0355e+13,1.5954e+12,7.9012e+13,5.9991e+13,1.0824e+14,1.1814e+13,2.7094e+13,3.9038e+12,6.7006e+13,6.6884e+13,2.9004e+13
2.6661e+12,1.9319e+12,2.427e+11,2.0278e+12,3.1215e+13,1.0407e+14,3.1838e+12,1.7089e+14,1.2399e+14,2.3185e+14,2.4158e+13,5.5353e+13,7.7391e+12,1.4049e+14,1.4025e+14,5.8444e+13
5.6021e+12,4.0202e+12,4.6168e+11,3.9863e+12,5.9655e+13,1.9805e+14,5.8441e+12,3.3917e+14,2.3595e+14,4.5627e+14,4.5432e+13,1.041e+14,1.4124e+13,2.7079e+14,2.7034e+14,1.0839e+14
1.0945e+13,7.7939e+12,8.2364e+11,7.3003e+12,1.0712e+14,3.5191e+14,1.0011e+13,6.2663e+14,4.1932e+14,8.3689e+14,7.9718e+13,1.8282e+14,2.4061e+13,4.8655e+14,4.8578e+14,1.8764e+14
2.0087e+13,1.4218e+13,1.3917e+12,1.2575e+13,1.8178e+14,5.8964e+14,1.616e+13,1.0883e+15,7.0281e+14,1.4453e+15,1.3184e+14,3.0279e+14,3.8614e+13,8.2261e+14,8.2141e+14,3.061e+14
3.4895e+13,2.4583e+13,2.2424e+12,2.052e+13,2.9327e+14,9.3844e+14,2.4753e+13,1.7892e+15,1.1191e+15,2.3676e+15,2.0702e+14,4.7639e+14,5.8783e+13,1.3177e+15,1.316e+15,4.7379e+14
5.7715e+13,4.0517e+13,3.4609e+12,3.1896e+13,4.5206e+14,1.4266e+15,3.6172e+13,2.8003e+15,1.7022e+15,3.6999e+15,3.104e+14,7.1594e+14,8.5332e+13,2.0105e+15,2.0083e+15,6.995e+14
9.1293e+13,6.3928e+13,5.1313e+12,4.7431e+13,6.6845e+14,2.0804e+15,5.0637e+13,4.19e+15,2.4841e+15,5.5402e+15,4.4637e+14,1.0322e+15,1.1861e+14,2.9339e+15,2.9312e+15,9.8917e+14
1.3861e+14,9.6894e+13,7.3237e+12,6.7713e+13,9.5127e+14,2.9203e+15,6.8131e+13,6.0142e+15,3.4898e+15,7.9766e+15,6.1775e+14,1.4323e+15,1.5842e+14,4.1087e+15,4.1056e+15,1.3442e+15
2.0257e+14,1.4147e+14,1.008e+13,9.3074e+13,1.3063e+15,3.9565e+15,8.8346e+13,8.305e+15,4.7326e+15,1.1073e+16,8.2506e+14,1.9182e+15,2.0385e+14,5.537e+15,5.534e+15,1.7603e+15
8.1843e+14,5.7297e+14,3.0405e+13,2.7848e+14,3.9824e+15,1.1326e+16,1.9975e+14,2.5138e+16,1.3628e+16,3.5327e+16,2.1979e+15,5.1812e+15,4.4297e+14,1.4881e+16,1.4886e+16,4.1733e+15
1.6134e+15,1.1412e+15,4.542e+13,4.1743e+14,6.1589e+15,1.657e+16,2.3012e+14,3.7519e+16,2.0088e+16,5.6588e+16,2.9947e+15,7.1593e+15,4.916e+14,1.9834e+16,1.9855e+16,5.0292e+15
1.7226e+15,1.2358e+15,3.7897e+13,3.525e+14,5.308e+15,1.3599e+16,1.5206e+14,3.1211e+16,1.6626e+16,5.0191e+16,2.2918e+15,5.5646e+15,3.1436e+14,1.4853e+16,1.4877e+16,3.4677e+15
1.0738e+15,7.8256e+14,1.9119e+13,1.8053e+14,2.73e+15,6.7002e+15,6.208e+13,1.5643e+16,8.263e+15,2.6455e+16,1.055e+15,2.6042e+15,1.2467e+14,6.7612e+15,6.7751e+15,1.473e+15
4.151e+14,3.0738e+14,6.1708e+12,5.9138e+13,8.8598e+14,2.0937e+15,1.6503e+13,4.9953e+15,2.6045e+15,8.7729e+15,3.0886e+14,7.7505e+14,3.2257e+13,1.9773e+15,1.9819e+15,4.0611e+14
1.0444e+14,7.8557e+13,1.3297e+12,1.2912e+13,1.8984e+14,4.3385e+14,2.9734e+12,1.0613e+15,5.4423e+14,1.9165e+15,6.0155e+13,1.5327e+14,5.6561e+12,3.8742e+14,3.8838e+14,7.5622e+13
1.7765e+13,1.3565e+13,1.9773e+11,1.9411e+12,2.7837e+13,6.1749e+13,3.7452e+11,1.5516e+14,7.8081e+13,2.8599e+14,8.0733e+12,2.0848e+13,6.9219e+11,5.253e+13,5.2663e+13,9.8106e+12
2.1049e+12,1.6304e+12,2.0821e+10,2.0614e+11,2.8726e+12,6.2045e+12,3.3791e+10,1.6028e+13,7.9051e+12,2.9987e+13,7.6722e+11,2.0035e+12,6.0507e+10,5.0553e+12,5.068e+12,9.086e+11
1.7779e+11,1.3958e+11,1.5846e+09,1.5785e+10,2.1323e+11,4.4968e+11,2.2264e+09,1.1945e+12,5.7703e+11,2.2588e+12,5.272e+10,1.3893e+11,3.8488e+09,3.5228e+11,3.5315e+11,6.1249e+10
1.0904e+10,8.6704e+09,8.8621e+07,8.8621e+08,1.1584e+10,2.3909e+10,1.0881e+08,6.5312e+10,3.0887e+10,1.2438e+11,2.6629e+09,7.0675e+09,1.8088e+08,1.8063e+10,1.8106e+10,3.053e+09
4.9288e+08,3.9658e+08,3.6927e+06,3.6982e+07,4.6704e+08,9.454e+08,3.9953e+06,2.6565e+09,1.2289e+09,5.0773e+09,1.0018e+08,2.6733e+08,6.3596e+06,6.9038e+08,6.9199e+08,1.14e+08
1.6616e+07,1.3519e+07,1.1595e+05,1.1601e+06,1.4132e+07,2.8108e+07,1.1137e+05,8.1291e+07,3.6751e+07,1.554e+08,2.8379e+06,7.6008e+06,1.6903e+05,1.9878e+07,1.9924e+07,3.2235e+06
4.2199e+05,3.4684e+05,2769.2,27610,3.2392e+05,6.3406e+05,2377,1.889e+06,8.3354e+05,3.5993e+06,61088,1.6391e+05,3425,4.3494e+05,4.3595e+05,69634
8139.2,6753,50.679,502.26,5667.6,10934,39.107,33589,14446,63582,1007.1,2701.3,53.283,7283.2,7300.7,1157.4
