0.87023,0.83207,0.56415,2.7754,274.73,268.88,0.77134,205.17,442.63,103.08,27.306,26.911,30.787,535.14,253.22,146.64
1.0188,0.98288,0.5151,2.6198,316.97,269.81,0.91101,235.09,542.43,109.37,102.85,96.729,20.069,391.53,219.58,93.363
1.0336,1.0588,0.38057,2.0675,333.08,256.14,0.51993,267.23,544.01,142,145.51,140.01,12.984,321.66,164.42,54.119
1.0107,1.1117,0.25811,1.3795,342.51,227.28,0.40532,252.66,420.18,151.15,134.51,119.29,7.8214,199.79,127.7,29.997
1.0681,1.1457,0.14988,0.86142,304.18,179.63,0.20206,229.84,312.33,143.88,115.4,97.992,4.0929,121.57,62.496,15.742
0.85145,0.91471,0.089821,0.52596,212.65,118.23,0.2424,161.38,203.56,98.398,76.386,66.21,2.4831,78.573,35.11,8.7098
0.63269,0.68616,0.064337,0.3883,146.83,83.098,0.079448,110.75,134.22,66.564,50.135,43.681,1.6697,61.695,24.985,5.8663
0.42398,0.46995,0.048462,0.28236,90.287,53.715,0.058192,68.147,81.144,39.737,29.304,26.065,1.1146,38.336,20.354,3.9108
0.25033,0.28205,0.028611,0.188,50.372,28.39,0.032996,36.623,43.075,21.838,15.207,13.255,0.75588,27.555,13.574,2.5411
0.13395,0.15737,0.019573,0.12634,24.776,13.506,0.025692,18.083,21.165,10.033,6.7543,5.9936,0.4804,18.424,8.4381,1.6003
0.021735,0.017442,0.0016587,0.012936,2.1036,1.3917,0.0029218,1.4186,1.7568,0.99113,0.36734,0.34619,0.038549,1.6919,0.77606,0.11907
0.0028316,0.002712,8.2355e-05,0.00065103,0.13944,0.12296,0.00015529,0.15857,0.14814,0.12483,0.036031,0.03566,0.0016833,0.079071,0.044178,0.0050117
0.00017067,0.00013516,1.8943e-06,1.8683e-05,0.003705,0.0065283,5.3333e-06,0.011575,0.0060846,0.011343,0.0016775,0.0010358,4.1164e-05,0.0022465,0.0011596,0.00012146
3.523e-06,3.3514e-06,2.7203e-08,3.1666e-07,9.3327e-05,9.522e-05,7.646e-08,0.00023547,0.00015595,0.00011822,2.5819e-05,2.2904e-05,5.5125e-07,3.3551e-05,1.8005e-05,1.5619e-06
2.1046e-08,2.2433e-08,2.1222e-10,2.8135e-09,6.5255e-07,6.9774e-07,8.0884e-10,1.2921e-06,9.1116e-07,6.024e-07,1.3925e-07,1.3965e-07,3.8691e-09,3.1892e-07,1.3146e-07,1.1494e-08
1.1536e-10,1.1661e-10,1.133e-12,1.5334e-11,1.9618e-09,1.3232e-09,3.9897e-12,5.4494e-09,4.2919e-09,2.1717e-09,5.5437e-10,5.0831e-10,1.6767e-11,1.475e-09,6.6423e-10,4.8885e-11
4.6069e-13,4.4723e-13,2.232e-15,4.2501e-14,4.507e-12,6.9228e-12,1.2753e-14,1.5468e-11,1.3719e-11,5.4909e-12,1.4631e-12,1.2423e-12,3.3664e-14,3.303e-12,1.5855e-12,9.8618e-14
