22.651,8.9845,9.4222,58.12,15289,49143,4619.7,17923,47169,5617.8,2965.5,4242.5,3757.2,13663,14486,19333
3.0491e+05,1.5865e+05,79886,5.1492e+05,1.1438e+08,3.6882e+08,1.3481e+07,1.3397e+08,3.83e+08,1.038e+08,7.2931e+07,8.2807e+07,1.7104e+07,8.1562e+07,8.3505e+07,9.067e+07
14535,10517,3229.3,19330,4.2356e+06,1.0435e+07,2.8359e+05,4.81e+06,1.1175e+07,5.1751e+06,2.1585e+06,3.8666e+06,4.147e+05,2.4673e+06,2.5818e+06,2.4958e+06
8831.4,7468.5,333.8,1680.7,1.819e+06,3.9985e+06,18755,2.1148e+06,4.3435e+06,2.7369e+06,7.7422e+05,1.792e+06,30211,2.1381e+05,2.1653e+05,1.922e+05
23382,19987,354.04,1684.9,3.0715e+06,6.7114e+06,14704,3.9213e+06,7.393e+06,5.8457e+06,1.2663e+06,3.2193e+06,26594,2.1641e+05,2.1172e+05,1.7382e+05
45322,37987,771.43,3973.5,4.1013e+06,9.258e+06,27607,5.8722e+06,1.0336e+07,9.5259e+06,1.7501e+06,4.5696e+06,52992,4.7651e+05,4.5849e+05,3.5202e+05
58949,48699,948.64,5302.9,4.2656e+06,9.8864e+06,31696,6.6492e+06,1.1139e+07,1.1185e+07,1.8811e+06,4.946e+06,62388,5.9526e+05,5.6949e+05,4.1885e+05
68314,55637,835.44,5103.7,3.9959e+06,9.5211e+06,26131,6.8057e+06,1.0824e+07,1.1762e+07,1.8254e+06,4.8136e+06,52822,5.3296e+05,5.0835e+05,3.5864e+05
70671,56800,507.93,3392.9,3.3817e+06,8.2826e+06,14819,6.2813e+06,9.4945e+06,1.1094e+07,1.5989e+06,4.2196e+06,30998,3.2885e+05,3.1344e+05,2.1268e+05
65314,51883,178.6,1310.9,2.5883e+06,6.5096e+06,4729.8,5.2179e+06,7.5177e+06,9.3903e+06,1.2632e+06,3.3326e+06,10670,1.1695e+05,1.1175e+05,73463
8810,6781.6,33.723,311.13,1.6137e+05,4.4857e+05,755.81,4.4504e+05,5.3014e+05,8.609e+05,86304,2.2765e+05,1486.2,22307,21401,11447
109.83,84.633,0.58088,5.6835,1199.2,3360,9.0528,3823.2,4011.6,7791.6,610.52,1629.8,17.897,347.42,338.65,152.96
0.17339,0.1357,0.0011532,0.010944,1.3186,3.5213,0.01215,4.4203,4.2358,9.3507,0.58898,1.6055,0.023705,0.57429,0.56386,0.2264
4.1556e-05,3.3226e-05,2.9859e-07,2.7277e-06,0.00023604,0.00059881,2.2049e-06,0.00081132,0.00072587,0.001763,9.1312e-05,0.00025469,4.1844e-06,0.00012238,0.00012048,4.488e-05
1.6852e-09,1.3789e-09,1.1973e-11,1.0601e-10,7.4613e-09,1.8076e-08,6.4869e-11,2.604e-08,2.2089e-08,5.7727e-08,2.5078e-09,7.1441e-09,1.18e-10,4.0766e-09,4.0171e-09,1.4253e-09
1.2402e-14,1.0382e-14,8.3727e-17,7.2381e-16,4.4126e-14,1.027e-13,3.4632e-16,1.5559e-13,1.2653e-13,3.5017e-13,1.2976e-14,3.7634e-14,5.9709e-16,2.3984e-14,2.3645e-14,8.1145e-15
1.738e-20,1.4868e-20,1.0976e-22,9.3163e-22,5.0858e-20,1.1435e-19,3.5783e-22,1.8068e-19,1.4201e-19,4.1134e-19,1.3184e-20,3.8811e-20,5.8051e-22,2.6772e-20,2.6403e-20,8.8459e-21
